users : [1 2]
nodes : [1 2 3 4 5 6 7 8]
links : [1 2 3 4 5 6 7 8 9 10 11]
nodes_idx : [1 2 3 4 5 6 7 8 9 10 11 12 13 14 15 16 17 18 19 20 21 22 23]
operators : [1 2 3 4 5 6 7]
origin : [1 1 1 1 1 21 21 22 23 5 6 ]
destination : [3 21 4 5 6 22 23 3 4 4 4 ]
links_network : [(1 3) 1 (1 21) 2 (1 4) 3 (1 5) 4 (1 6) 5 (21 22) 6 (21 23) 7 (22 3) 8 (23 4) 9 (5 4) 10 (6 4) 11]
dual : [(1 3) 0 (1 21) 4 (1 4) 0 (1 5) 0 (1 6) 0 (21 22) 0 (21 23) 0 (22 3) 0 (23 4) 0 (5 4) 0 (6 4) 0]
operators_network : [(1 1) 1 (1 2) 2 (2 1) 8 (3 1) 9 (4 1) 3 (5 1) 4 (5 2) 10 (6 1) 5 (6 2) 11 (7 1) 6 (7 2) 7 ]
t : [7 2 10 5 6 2 2 3 2 5 6 ]
c : [200 200 200 200 200 0 0 200 200 200 200 ]
w : [2000 200 1000 1000 1000 999999999 999999999 1000 1000 1000 1000]
d : [1000 500]
O : [1 1]
D : [3 4]
N : [1 3 4 5 6 21 22 23]
N_plus : [ (1 1) 3 (1 2) 21 (1 3) 4 (1 4) 5 (1 5) 6 (21 1) 22 (21 2) 23 (23 1) 4  (5 1) 4 (6 1) 4]
N_minus : [ (3 1) 1 (21 1) 1 (4 1) 1 (5 1) 1 (6 1) 1 (22 1) 21 (23 1) 21 (4 2) 23 (4 3) 5 (4 4) 6]
utility : [20 20]
